population : 0 -0.342407 -0.437256 0.218414 0.53183 -0.484344 -0.0821838 dFitness: 28

population : 1 0.168884 0.441803 -0.0314026 -0.0753784 -0.334503 0.392792 dFitness: 12

population : 2 -0.075592 -0.338867 0.56662 -0.483246 0.227051 0.62973 dFitness: 13

population : 3 0.54953 0.315308 0.0471802 0.272675 -0.249023 -0.574707 dFitness: 10

population : 4 0.772858 -0.012207 -0.0921936 -0.11554 -0.600128 -0.355835 dFitness: 23

population : 5 -0.00250244 -0.102966 0.422607 -0.402405 -0.621002 0.0993652 dFitness: 22

population : 6 -0.77533 0.20636 -0.566803 0.325623 -0.0306091 -0.153107 dFitness: 33

population : 7 -0.296417 -0.126709 -0.00952148 -0.570831 -0.463226 0.26886 dFitness: 26

population : 8 0.68277 0.412567 -0.776611 0.533478 -0.107239 0.321442 dFitness: 11

population : 9 0.638428 -0.0515137 -0.190887 -0.239349 -0.618042 0.321228 dFitness: 10

population : 10 -0.646515 -0.0688171 0.419861 -0.249603 0.0710754 -0.353973 dFitness: 25

population : 11 0.224304 -0.108002 -0.47876 -0.154572 0.414429 -0.275482 dFitness: 16

population : 12 0.16803 0.612823 -0.102936 -0.184845 -0.228912 -0.309753 dFitness: 24

population : 13 0.50708 0.0848389 0.27594 -0.505829 0.148346 0.0742798 dFitness: 11

population : 14 0.204803 0.630859 0.434174 0.709412 0.54718 -0.087738 dFitness: 13

population : 15 -0.172058 0.566986 0.150543 -0.12854 -0.716187 -0.35965 dFitness: 49

population : 16 -0.389191 -0.221649 0.387146 0.604889 -0.336823 0.155304 dFitness: 23

population : 17 -0.00454712 -0.416199 0.0724792 -0.207275 -0.621216 -0.586365 dFitness: 26

population : 18 0.0240479 0.264771 -0.139648 0.410004 0.0142212 -0.0551758 dFitness: 22

population : 19 -0.0427246 -0.366913 -0.758942 0.52124 0.0211487 -0.346649 dFitness: 29

population : 20 0.494873 0.013031 0.378601 -0.182953 -0.451172 0.285248 dFitness: 22

population : 21 -0.0278931 0.012085 0.0496216 0.0648804 0.500336 -0.0666199 dFitness: 16

population : 22 -0.0917358 -0.543732 0.0590515 -0.151306 0.190399 -0.0430908 dFitness: 14

population : 23 0.281586 -0.135895 0.50708 -0.0270386 -0.0206299 -0.310303 dFitness: 10

population : 24 -0.0944824 -0.165192 0.282928 -0.0948181 0.25946 0.312927 dFitness: 10

population : 25 0.282074 0.725586 0.160004 -0.36676 0.166718 0.266724 dFitness: 10

population : 26 0.306122 -0.0071106 -0.132385 -0.689026 0.395355 -0.424103 dFitness: 17

population : 27 0.196686 0.572876 -0.485626 0.0686951 -0.511963 0.46463 dFitness: 24

population : 28 0.0296631 -0.32428 0.73822 0.361816 -0.0218811 -0.364838 dFitness: 13

population : 29 0.24704 -0.630829 -0.0423889 0.234467 -0.241821 -0.414124 dFitness: 17

population : 30 0.517731 0.326141 0.0997925 -0.12854 0.050354 -0.65683 dFitness: 11

population : 31 0.325104 0.111359 0.180267 -0.185272 -0.646912 -0.0176086 dFitness: 22

population : 32 0.655762 0.381775 0.109009 0.218597 0.739288 0.312866 dFitness: 9

population : 33 0.165222 0.376831 0.0980835 -0.480591 -0.118469 0.102142 dFitness: 10

population : 34 -0.805115 0.0716553 0.0460815 -0.106232 -0.821686 0.214142 dFitness: 29

population : 35 0.0157776 -0.629517 0.273712 -0.118713 0.357117 0.0363159 dFitness: 13

population : 36 -0.326172 -0.286804 -0.0134277 -0.453827 -0.0708923 0.571014 dFitness: 24

population : 37 -0.188629 0.471527 -0.161316 -0.447174 -0.129883 0.565918 dFitness: 24

population : 38 0.84082 -0.490936 -0.0266113 -0.469391 -0.0964966 0.0583191 dFitness: 10

population : 39 0.84433 0.280365 -0.0847778 0.102814 -0.240692 0.708801 dFitness: 10

population : 40 -0.424591 -0.155884 -0.311401 -0.0456848 -0.214752 -0.701324 dFitness: 62

population : 41 -0.0631409 0.165405 -0.461853 0.313599 0.283936 -0.233398 dFitness: 20

population : 42 0.310425 0.0821228 0.625275 0.223785 -0.0480652 0.159302 dFitness: 10

population : 43 0.112854 -0.689911 0.0767517 -0.0223389 -0.20459 -0.128632 dFitness: 22

population : 44 -0.0462952 -0.137238 -0.24057 0.0917664 -0.103058 0.54892 dFitness: 24

population : 45 -0.230377 -0.740417 0.156769 0.194672 -0.590607 0.0326843 dFitness: 28

population : 46 0.31012 -0.10144 -0.278168 0.204102 0.151123 -0.285309 dFitness: 18

population : 47 0.349976 -0.032135 0.0820007 0.168304 0.177643 -0.315552 dFitness: 13

population : 48 0.00332642 0.271545 -0.530029 0.146454 0.704987 0.0389099 dFitness: 14

population : 49 -0.485962 0.344299 -0.24353 0.503082 -0.240356 -0.26828 dFitness: 31

population : 50 -0.102173 -0.769714 0.459747 -0.00854492 -0.0698242 0.336151 dFitness: 22

population : 51 -0.188965 0.300873 0.10611 0.00128174 0.594849 0.0976563 dFitness: 13

population : 52 0.0206604 0.486755 -0.682434 0.345276 0.00170898 -0.350067 dFitness: 21

population : 53 -0.148773 0.298798 0.000701904 -0.0401306 -0.42569 -0.229675 dFitness: 319

population : 54 -0.0167847 0.0131836 0.012146 -0.105194 -0.180359 0.54953 dFitness: 24

population : 55 -0.0221863 0.395477 -0.324219 -0.0327759 -0.787476 -0.65033 dFitness: 114

population : 56 -0.0965881 0.338898 0.526276 -0.545746 0.431061 -0.0728455 dFitness: 11

population : 57 -0.561249 -0.208557 -0.345551 0.200165 -0.680511 0.0942383 dFitness: 53

population : 58 -0.172699 0.347229 0.0289001 0.512207 -0.0481873 0.294586 dFitness: 24

population : 59 0.0586853 -0.122986 0.169342 0.220734 0.172516 0.468201 dFitness: 10

population : 60 0.651062 0.572449 -0.453308 0.278412 -0.0114746 0.580048 dFitness: 10

population : 61 0.410736 -0.220428 0.0843811 0.273193 0.187988 0.18811 dFitness: 10

population : 62 -0.457184 -0.00350952 0.136292 0.230713 -0.439575 0.425171 dFitness: 26

population : 63 0.488556 0.409943 0.31665 0.0806274 0.0934143 -0.230042 dFitness: 9

population : 64 -0.135468 0.346008 -0.444122 0.161865 0.521149 -0.0180664 dFitness: 14

population : 65 0.87796 0.00970459 -0.241486 -0.857819 0.599121 -0.424194 dFitness: 14

population : 66 -0.406097 -0.110962 -0.562744 -0.273529 -0.519226 0.20932 dFitness: 77

population : 67 -0.571045 0.197754 -0.300873 -0.470367 0.570313 0.36084 dFitness: 21

population : 68 0.246307 -0.267853 -0.04245 -0.512207 0.227539 -0.329651 dFitness: 10

population : 69 -0.572388 0.517334 -0.253387 0.184418 0.698761 0.32016 dFitness: 13

population : 70 -0.703552 -0.382935 0.011261 0.464722 -0.35025 -0.171051 dFitness: 31

population : 71 -0.732056 0.482971 0.249725 -0.285431 -0.325134 0.635681 dFitness: 28

population : 72 0.100464 0.217621 -0.118011 0.178497 0.157837 -0.153168 dFitness: 15

population : 73 0.623627 0.127075 -0.78009 0.691376 -0.140656 -0.476898 dFitness: 21

population : 74 0.317749 -0.0632324 0.414337 -0.800293 -0.394104 -0.119812 dFitness: 13

population : 75 0.120148 0.0471802 -0.246948 0.446442 0.455292 -0.221466 dFitness: 14

population : 76 -0.167297 0.203186 -0.314087 0.19516 -0.286194 0.876953 dFitness: 24

population : 77 -0.493622 -0.0474854 -0.0487061 -0.631561 0.179871 -0.174377 dFitness: 1293

population : 78 -0.823242 -0.731567 0.179047 0.474762 0.989136 -0.126831 dFitness: 20

population : 79 -0.673279 -0.288879 0.345154 -0.299866 0.43634 0.262329 dFitness: 13

population : 80 -0.549805 0.503632 0.452759 0.038269 0.148773 -0.209656 dFitness: 21

population : 81 -0.907166 -0.103546 0.815094 -0.164886 -0.0141296 -0.0921631 dFitness: 27

population : 82 -0.256042 0.196411 0.314606 0.122314 0.0410461 -0.267944 dFitness: 14

population : 83 -0.0445557 -0.165497 0.0137329 -0.885254 0.119415 -0.650787 dFitness: 12

population : 84 -0.938324 -0.152191 0.492493 0.247192 0.0675049 -0.219208 dFitness: 24

population : 85 -0.123535 0.150574 0.287323 0.125 0.329529 -0.0112305 dFitness: 15

population : 86 -0.258606 -0.0308838 -0.193329 -0.236237 -0.895172 0.295105 dFitness: 30

population : 87 0.300659 -0.183838 0.0980225 0.493347 -0.517639 -0.409668 dFitness: 16

population : 88 0.377502 0.378754 0.841553 -0.0995789 -0.0734558 -0.293884 dFitness: 9

population : 89 -0.672516 -0.30423 -0.0545654 0.185669 0.489471 0.32663 dFitness: 12

population : 90 0.242676 -0.000915527 -0.882446 -0.690277 0.125122 -0.185364 dFitness: 21

population : 91 0.383179 -0.406067 -0.211212 -0.696869 -0.520355 0.325867 dFitness: 26

population : 92 0.209564 0.153412 -0.236969 0.11554 -0.466248 0.588043 dFitness: 23

population : 93 0.392426 -0.19809 -0.0314636 -0.621124 0.470978 0.718689 dFitness: 19

population : 94 0.172974 0.362762 -0.313904 -0.540283 -0.851776 0.457062 dFitness: 31

population : 95 -0.549561 0.144745 0.628448 0.175262 -0.457611 0.185089 dFitness: 22

population : 96 -0.0286865 -0.357147 0.246552 -0.450897 0.548737 0.112579 dFitness: 13

population : 97 -0.00540161 0.527954 -0.362732 -0.0196228 -0.494171 0.0012207 dFitness: 221

population : 98 0.80899 0.300812 -0.572327 -0.797638 -0.17804 0.802765 dFitness: 16

population : 99 0.476532 -0.0153809 0.0108643 0.40509 0.078064 0.586334 dFitness: 9

m_nCurrentGeneration: 1 best fitness: 0 best index:0
average  fitness: 0
best weight: -0.493622 -0.0474854 -0.0487061 -0.631561 0.179871 -0.174377

population : 0 -0.406097 -0.110962 -0.562744 -0.273529 -0.519226 0.20932 dFitness: 78

population : 1 -0.406097 -0.110962 -0.667142 -0.273529 -0.519226 0.20932 dFitness: 87

population : 2 -0.172058 0.566986 0.815094 -0.164886 -0.0141296 -0.0921631 dFitness: 16

population : 3 -0.907166 -0.103546 0.150543 -0.12854 -0.716187 -0.577444 dFitness: 287

population : 4 -0.424591 -0.155884 -0.311401 -0.0456848 -0.214752 -0.701324 dFitness: 62

population : 5 0.87796 0.00970459 -0.241486 -0.857819 0.823984 -0.424194 dFitness: 12

population : 6 -0.493622 -0.0474854 -0.0487061 -0.631561 0.179871 -0.174377 dFitness: 3224

population : 7 -0.493622 -0.0474854 -0.0487061 -0.631561 0.179871 -0.174377 dFitness: 542

population : 8 0.84433 0.280365 -0.0847778 0.102814 -0.240692 0.708801 dFitness: 10

population : 9 -0.493622 -0.0474854 -0.0487061 -0.631561 0.145383 -0.174377 dFitness: 2564

population : 10 0.000390625 0.395477 -0.319266 -0.0327759 -0.787476 -0.65033 dFitness: 33

population : 11 -0.493622 -0.0474854 -0.0487061 -0.631561 0.179871 -0.3755 dFitness: 424

population : 12 -0.703552 -0.382935 0.011261 0.464722 -0.35025 -0.171051 dFitness: 31

population : 13 -0.148773 0.298798 0.000701904 -0.0401306 -0.42569 -0.187717 dFitness: 315

population : 14 -0.0221863 0.395477 -0.324219 -0.0327759 -0.787476 -0.65033 dFitness: 102

population : 15 -0.075592 -0.338867 0.56662 -0.483246 0.227051 0.596011 dFitness: 10

population : 16 -0.00540161 0.527954 -0.362732 -0.0196228 -0.494171 0.0012207 dFitness: 808

population : 17 0.84433 0.280365 -0.0847778 0.102814 -0.240692 0.708801 dFitness: 10

population : 18 -0.493622 -0.0474854 -0.0487061 -0.631561 0.179871 -0.174377 dFitness: 2579

population : 19 -0.493622 -0.0474854 -0.0487061 -0.631561 0.179871 -0.174377 dFitness: 4243

population : 20 -0.493622 -0.0474854 0.144012 -0.631561 -0.0141296 -0.0921631 dFitness: 79

population : 21 -0.907166 -0.103546 0.815094 -0.164886 0.179871 -0.174377 dFitness: 20

population : 22 -0.0221863 0.395477 -0.602237 -0.0327759 -0.787476 -0.65033 dFitness: 79

population : 23 -0.493622 -0.0474854 -0.0487061 -0.631561 0.179871 -0.174377 dFitness: 4378

population : 24 -0.0167847 0.0131836 -0.062085 0.247192 0.0675049 -0.219208 dFitness: 17

population : 25 -0.938324 -0.152191 0.492493 -0.105194 -0.180359 0.54953 dFitness: 24

population : 26 -0.493622 -0.0474854 -0.0487061 -0.631561 -0.42558 -0.229675 dFitness: 5000

population : 27 -0.148773 0.298798 0.000701904 -0.0401306 0.179871 -0.174377 dFitness: 21

population : 28 0.68277 0.412567 -0.776611 0.533478 -0.107239 -0.229675 dFitness: 15

population : 29 -0.148773 0.298798 0.195517 -0.0401306 -0.42569 0.321442 dFitness: 25

population : 30 -0.493622 -0.0474854 -0.0487061 -0.631561 -0.787476 -0.65033 dFitness: 1322

population : 31 -0.0221863 0.395477 -0.324219 -0.0327759 0.179871 -0.174377 dFitness: 29

population : 32 0.80899 0.300812 -0.572327 -0.797638 -0.128583 0.802765 dFitness: 10

population : 33 -0.00540161 0.527954 -0.362732 -0.0196228 -0.494171 0.0012207 dFitness: 355

population : 34 -0.493622 -0.0474854 -0.0487061 -0.631561 0.179871 -0.174377 dFitness: 4441

population : 35 -0.188965 0.300873 0.10611 0.00128174 0.594849 0.0976563 dFitness: 13

population : 36 -0.493622 -0.0474854 -0.219498 -0.631561 0.179871 -0.174377 dFitness: 525

population : 37 -0.451379 -0.25748 -0.0487061 -0.666681 0.179871 -0.174377 dFitness: 264

population : 38 -0.00540161 0.527954 -0.362732 -0.0196228 -0.618042 0.321228 dFitness: 28

population : 39 0.638428 -0.0515137 -0.190887 -0.239349 -0.494171 0.0012207 dFitness: 18

population : 40 -0.188965 0.300873 0.10611 0.00128174 0.500336 -0.0666199 dFitness: 19

population : 41 -0.0278931 -0.0109314 0.103052 0.0648804 0.493024 0.0976563 dFitness: 12

population : 42 -0.493622 0.298798 0.000701904 -0.0401306 -0.42569 -0.229675 dFitness: 256

population : 43 -0.148773 -0.0474854 -0.0487061 -0.631561 0.179871 -0.174377 dFitness: 65

population : 44 -0.0221863 -0.155884 -0.311401 -0.0456848 -0.115976 -0.701324 dFitness: 37

population : 45 -0.424591 0.395477 -0.324219 -0.0327759 -0.787476 -0.65033 dFitness: 344

population : 46 -0.493622 -0.0474854 -0.0487061 -0.631561 0.179871 -0.174377 dFitness: 542

population : 47 -0.493622 -0.0474854 -0.0487061 -0.631561 0.179871 -0.174377 dFitness: 542

population : 48 -0.148773 0.298798 0.000701904 -0.0401306 -0.42569 -0.364578 dFitness: 140

population : 49 0.87796 0.00970459 -0.241486 -0.857819 0.599121 -0.424194 dFitness: 14

population : 50 -0.406097 -0.110962 -0.562744 -0.273529 -0.519226 0.20932 dFitness: 77

population : 51 -0.493622 -0.0474854 -0.0487061 -0.631561 0.179871 -0.174377 dFitness: 1293

population : 52 -0.493622 -0.0474854 -0.0487061 -0.631561 0.739288 0.312866 dFitness: 20

population : 53 0.655762 0.381775 0.109009 0.172885 0.179871 -0.174377 dFitness: 10

population : 54 -0.571045 0.197754 -0.300873 -0.764066 0.179871 -0.174377 dFitness: 1202

population : 55 -0.493622 -0.0474854 -0.0487061 -0.470367 0.570313 0.36084 dFitness: 21

population : 56 -0.148773 0.298798 0.000701904 -0.0401306 -0.42569 -0.229675 dFitness: 517

population : 57 0.16803 0.612823 -0.102936 -0.184845 -0.417026 -0.309753 dFitness: 31

population : 58 -0.148773 0.298798 0.000701904 -0.188922 -0.42569 -0.229675 dFitness: 500

population : 59 -0.260184 0.298798 0.000701904 -0.0401306 -0.42569 -0.229675 dFitness: 216

population : 60 -0.672516 -0.30423 -0.0545654 0.185669 0.489471 0.0012207 dFitness: 24

population : 61 -0.00540161 0.527954 -0.362732 -0.0196228 -0.494171 0.32663 dFitness: 30

population : 62 -0.00540161 0.527954 -0.362732 0.218597 0.739288 0.312866 dFitness: 16

population : 63 0.655762 0.381775 0.109009 -0.0196228 -0.494171 0.0012207 dFitness: 23

population : 64 -0.549561 0.144745 0.628448 0.175262 -0.512048 -0.0176086 dFitness: 27

population : 65 0.325104 0.111359 0.180267 -0.185272 -0.646912 0.185089 dFitness: 23

population : 66 0.494873 0.013031 0.378601 -0.182953 -0.17804 0.802765 dFitness: 15

population : 67 0.80899 0.300812 -0.572327 -0.797638 -0.451172 0.387393 dFitness: 18

population : 68 -0.493622 -0.0474854 0.0401367 -0.631561 0.179871 -0.174377 dFitness: 80

population : 69 -0.493622 -0.0474854 -0.106073 -0.631561 0.179871 -0.174377 dFitness: 925

population : 70 -0.493622 -0.0474854 -0.0487061 -0.734952 0.179871 -0.174377 dFitness: 2579

population : 71 -0.00250244 -0.102966 0.422607 -0.402405 -0.621002 0.0993652 dFitness: 27

population : 72 -0.493622 -0.0474854 -0.0487061 -0.631561 0.698761 0.32016 dFitness: 18

population : 73 -0.572388 0.517334 -0.253387 0.184418 0.179871 -0.174377 dFitness: 33

population : 74 -0.493622 -0.0474854 -0.193329 -0.236237 -0.895172 0.295105 dFitness: 30

population : 75 -0.258606 -0.0308838 -0.156509 -0.631561 0.179871 -0.174377 dFitness: 1085

population : 76 0.310425 0.0821228 0.625275 0.223785 -0.0480652 0.159302 dFitness: 10

population : 77 -0.493622 -0.0474854 -0.0487061 -0.871274 0.179871 -0.174377 dFitness: 1207

population : 78 -0.493622 -0.0474854 -0.0487061 -0.631561 0.177643 -0.315552 dFitness: 1333

population : 79 0.222845 -0.032135 0.0820007 0.168304 0.179871 -0.174377 dFitness: 12

population : 80 -0.805115 -0.0474854 -0.136166 -0.631561 0.179871 -0.174377 dFitness: 356

population : 81 -0.493622 0.240323 0.0460815 -0.106232 -0.821686 0.214142 dFitness: 26

population : 82 -0.258606 -0.0308838 -0.193329 -0.236237 -0.820648 -0.174377 dFitness: 5000

population : 83 -0.493622 -0.222937 -0.0487061 -0.631561 0.179871 0.295105 dFitness: 24

population : 84 -0.424591 -0.155884 -0.311401 -0.0456848 -0.35025 -0.0898346 dFitness: 133

population : 85 -0.703552 -0.382935 0.011261 0.464722 -0.214752 -0.701324 dFitness: 29

population : 86 -0.493622 -0.0474854 -0.0487061 -0.631561 0.179871 -0.0714539 dFitness: 65

population : 87 -0.493622 -0.0474854 -0.0487061 -0.631561 0.179871 -0.0766815 dFitness: 65

population : 88 -0.00454712 -0.416199 0.0724792 -0.207275 -0.621216 -0.586365 dFitness: 26

population : 89 -0.493622 -0.0474854 -0.0487061 -0.631561 0.179871 -0.174377 dFitness: 3008

population : 90 0.246307 -0.267853 -0.236969 0.11554 -0.466248 0.588043 dFitness: 25

population : 91 0.209564 0.153412 -0.04245 -0.512207 0.228098 -0.329651 dFitness: 10

population : 92 0.209564 0.153412 -0.236969 0.11554 -0.466248 0.588043 dFitness: 25

population : 93 -0.732547 -0.0688171 0.419861 -0.249603 0.0710754 -0.353973 dFitness: 27

population : 94 -0.493622 -0.0828522 -0.0487061 -0.631561 0.179871 -0.174377 dFitness: 86

population : 95 0.325104 0.111359 0.180267 -0.185272 -0.646912 -0.0176086 dFitness: 13

population : 96 -0.00540161 0.527954 -0.362732 -0.0196228 -0.494171 0.0012207 dFitness: 295

population : 97 -0.075592 -0.338867 0.56662 -0.483246 0.227051 0.62973 dFitness: 13

population : 98 0.517731 0.326141 0.0997925 -0.402405 -0.621002 0.0368622 dFitness: 19

population : 99 -0.00250244 -0.102966 0.422607 -0.12854 0.050354 -0.65683 dFitness: 8

m_nCurrentGeneration: 2 best fitness: 1293 best index:99
average  fitness: 38.51
best weight: -0.493622 -0.0474854 -0.0487061 -0.631561 -0.42558 -0.229675

population : 0 -0.493622 -0.0474854 -0.0487061 -0.631561 0.179871 -0.174377 dFitness: 542

population : 1 -0.493622 -0.0474854 -0.120676 -0.631561 -0.787476 -0.65033 dFitness: 1637

population : 2 -0.493622 0.230591 0.000701904 -0.0401306 -0.42569 -0.187717 dFitness: 472

population : 3 -0.148773 -0.0474854 -0.0487061 -0.631561 0.179871 -0.174377 dFitness: 81

population : 4 -0.258606 -0.0308838 -0.193329 -0.236237 -0.820648 -0.174377 dFitness: 5000

population : 5 -0.493622 -0.0474854 -0.0487061 -0.631561 -0.42558 -0.229675 dFitness: 4421

population : 6 -0.493622 -0.0474854 -0.0487061 -0.631561 0.179871 -0.174377 dFitness: 669

population : 7 -0.493622 -0.0474854 -0.0487061 -0.631561 0.179871 -0.0766815 dFitness: 65

population : 8 -0.493622 -0.0474854 -0.0487061 -0.631561 0.145383 -0.174377 dFitness: 861

population : 9 -0.493622 -0.0474854 0.0422058 -0.631561 0.179871 -0.160471 dFitness: 80

population : 10 -0.258606 -0.0197601 -0.193329 -0.16619 -0.820648 -0.174377 dFitness: 5000

population : 11 -0.493622 -0.00559998 -0.0487061 -0.631561 0.179871 -0.331052 dFitness: 134

population : 12 -0.493622 -0.0474854 -0.0487061 -0.631561 0.179871 -0.174377 dFitness: 669

population : 13 -0.493622 0.108319 -0.0487061 -0.631561 -0.42558 -0.229675 dFitness: 3792

population : 14 -0.258606 -0.280576 -0.193329 -0.0353607 -0.820648 -0.174377 dFitness: 336

population : 15 -0.493622 -0.0474854 -0.0487061 -0.631561 0.179871 -0.174377 dFitness: 1293

population : 16 -0.643878 -0.0474854 -0.0487061 -0.631561 0.179871 -0.174377 dFitness: 160

population : 17 -0.493622 -0.0474854 -0.0487061 -0.631561 0.179871 -0.00622253 dFitness: 520

population : 18 -0.493622 -0.0474854 -0.0487061 -0.631561 0.179871 -0.174377 dFitness: 669

population : 19 -0.493622 -0.0474854 -0.0501343 -0.631561 0.179871 -0.3755 dFitness: 422

population : 20 -0.493622 -0.117917 -0.0487061 -0.631561 0.179871 -0.174377 dFitness: 85

population : 21 -0.493622 -0.0474854 -0.0487061 -0.631561 0.179871 -0.174377 dFitness: 669

population : 22 -0.493622 -0.0474854 -0.0487061 -0.631561 0.179871 -0.174377 dFitness: 676

population : 23 -0.493622 -0.0474854 -0.0487061 -0.631561 0.179871 -0.174377 dFitness: 1423

population : 24 -0.493622 -0.0474854 -0.0487061 -0.631561 0.190976 -0.174377 dFitness: 542

population : 25 -0.493622 -0.189703 -0.0487061 -0.631561 0.179871 -0.174377 dFitness: 299

population : 26 -0.493622 -0.0474854 -0.0487061 -0.631561 0.0586273 -0.174377 dFitness: 4396

population : 27 -0.493622 -0.0474854 -0.251001 -0.631561 -0.42558 -0.229675 dFitness: 5000

population : 28 -0.493622 -0.0474854 -0.0487061 -0.236237 -0.820648 -0.174377 dFitness: 5000

population : 29 -0.258606 -0.0308838 -0.193329 -0.631561 0.179871 -0.444614 dFitness: 60

population : 30 -0.51001 -0.0308838 -0.193329 -0.236237 -0.820648 -0.174377 dFitness: 4266

population : 31 -0.424591 0.395477 -0.324219 -0.0327759 -0.787476 -0.65033 dFitness: 350

population : 32 -0.493622 -0.0474854 -0.0487061 -0.631561 0.179871 -0.174377 dFitness: 1422

population : 33 -0.493622 -0.0474854 -0.0487061 -0.631561 0.179871 -0.343182 dFitness: 314

population : 34 -0.258606 -0.0308838 -0.193329 -0.236237 -0.820648 -0.174377 dFitness: 5000

population : 35 -0.493622 -0.0474854 -0.0487061 -0.631561 0.145383 -0.174377 dFitness: 5000

population : 36 -0.493622 -0.0474854 -0.0487061 -0.631561 0.179871 -0.174377 dFitness: 1293

population : 37 -0.493622 -0.0474854 -0.0487061 -0.631561 -0.261298 -0.229675 dFitness: 4446

population : 38 -0.258606 -0.0308838 -0.362732 -0.0196228 -0.494171 0.0012207 dFitness: 267

population : 39 -0.00540161 0.527954 -0.193329 -0.236237 -0.820648 -0.174377 dFitness: 2458

population : 40 -0.493622 -0.0474854 -0.0487061 -0.631561 0.179871 -0.174377 dFitness: 751

population : 41 -0.493622 -0.0474854 -0.133319 -0.631561 0.179871 -0.174377 dFitness: 1099

population : 42 -0.493622 -0.0474854 -0.0487061 -0.734952 0.179871 -0.174377 dFitness: 4461

population : 43 -0.493622 -0.0474854 -0.0487061 -0.631561 0.179871 -0.174377 dFitness: 1293

population : 44 -0.493622 -0.0474854 -0.0487061 -0.636981 0.179871 -0.174377 dFitness: 3439

population : 45 -0.493622 -0.0474854 -0.0487061 -0.631561 0.179871 -0.174377 dFitness: 2618

population : 46 -0.258606 -0.0308838 -0.193329 -0.236237 -0.820648 -0.174377 dFitness: 5000

population : 47 -0.493622 -0.0474854 -0.0487061 -0.631561 0.179871 -0.174377 dFitness: 2579

population : 48 -0.148773 0.298798 0.000701904 -0.0401306 -0.42569 -0.174377 dFitness: 484

population : 49 -0.493622 -0.158896 -0.106073 -0.631561 0.179871 -0.229675 dFitness: 145

population : 50 -0.493622 -0.0474854 -0.0487061 -0.0401306 0.179871 -0.174377 dFitness: 29

population : 51 -0.11575 0.298798 0.000701904 -0.631561 -0.787476 -0.65033 dFitness: 63

population : 52 -0.493622 -0.0474854 -0.0487061 -0.631561 -0.787476 -0.65033 dFitness: 762

population : 53 -0.148773 0.298798 0.000701904 0.0677185 -0.537585 -0.229675 dFitness: 157

population : 54 -0.493622 -0.0474854 -0.0487061 -0.631561 0.179871 -0.218469 dFitness: 69

population : 55 -0.493622 -0.0474854 -0.106073 -0.631561 0.179871 -0.174377 dFitness: 435

population : 56 -0.493622 -0.0474854 -0.0113342 -0.631561 0.179871 -0.174377 dFitness: 436

population : 57 -0.258606 -0.0308838 -0.156509 -0.631561 0.179871 -0.174377 dFitness: 942

population : 58 -0.493622 -0.0474854 -0.0487061 -0.723123 0.179871 -0.174377 dFitness: 2061

population : 59 -0.493622 -0.0474854 -0.0487061 -0.650192 -0.42558 -0.229675 dFitness: 5000

population : 60 -0.493622 -0.0474854 -0.0487061 -0.631561 0.145383 -0.174377 dFitness: 4824

population : 61 -0.373431 -0.0474854 -0.0487061 -0.710416 0.179871 -0.174377 dFitness: 371

population : 62 -0.493622 -0.0474854 -0.0487061 -0.631561 -0.42558 -0.229675 dFitness: 5000

population : 63 -0.493622 -0.0474854 -0.106073 -0.631561 0.279059 -0.174377 dFitness: 84

population : 64 -0.258606 -0.0308838 -0.193329 -0.236237 0.179871 -0.174377 dFitness: 218

population : 65 -0.438507 -0.25748 -0.0487061 -0.666681 -0.890237 -0.174377 dFitness: 5000

population : 66 -0.477573 -0.0474854 -0.0487061 -0.734952 0.0250732 -0.174377 dFitness: 5000

population : 67 -0.493622 -0.0474854 -0.0487061 -0.631561 -0.42558 -0.191534 dFitness: 5000

population : 68 -0.258606 -0.0308838 -0.193329 -0.236237 0.179871 -0.174377 dFitness: 218

population : 69 -0.687656 0.197754 -0.300873 -0.764066 -0.820648 -0.174377 dFitness: 5000

population : 70 -0.493622 -0.0474854 -0.0487061 -0.631561 0.146738 -0.174377 dFitness: 861

population : 71 -0.493622 -0.0474854 -0.0487061 -0.734952 0.179871 -0.174377 dFitness: 1042

population : 72 -0.392813 -0.0474854 -0.0487061 -0.388535 0.179871 -0.174377 dFitness: 114

population : 73 -0.719269 0.197754 -0.300873 -0.764066 0.179871 -0.174377 dFitness: 610

population : 74 -0.493622 -0.0474854 -0.0487061 -0.631561 -0.787476 -0.65033 dFitness: 1333

population : 75 -0.493622 -0.0474854 -0.106073 -0.631561 0.179871 -0.174377 dFitness: 434

population : 76 -0.493622 0.298798 0.000701904 -0.0401306 -0.42569 -0.229675 dFitness: 255

population : 77 -0.387402 -0.0308838 -0.193329 -0.236237 -0.820648 -0.174377 dFitness: 5000

population : 78 -0.54003 -0.0474854 -0.0487061 -0.631561 0.219962 -0.174377 dFitness: 3357

population : 79 -0.258606 -0.0308838 -0.193329 -0.236237 -0.820648 -0.174377 dFitness: 5000

population : 80 -0.493622 -0.0474854 -0.0487061 -0.631561 0.179871 -0.174377 dFitness: 542

population : 81 -0.258606 -0.0308838 -0.193329 -0.236237 -0.820648 -0.174377 dFitness: 2595

population : 82 -0.493622 -0.0474854 -0.0487061 -0.631561 0.439514 -0.174377 dFitness: 54

population : 83 -0.493622 -0.0474854 -0.0487061 -0.631561 -0.42558 -0.229675 dFitness: 3729

population : 84 -0.493622 -0.0474854 -0.0487061 -0.631561 0.179871 -0.174377 dFitness: 542

population : 85 -0.493622 -0.0474854 -0.0487061 -0.631561 -0.42558 -0.420087 dFitness: 5000

population : 86 -0.493622 -0.0474854 -0.0487061 -0.631561 -0.42558 -0.229675 dFitness: 5000

population : 87 -0.493622 -0.0474854 -0.0487061 -0.631561 0.177911 -0.174377 dFitness: 669

population : 88 -0.00540161 0.527954 -0.362732 -0.0196228 -0.494171 0.0012207 dFitness: 221

population : 89 -0.148773 0.298798 0.000701904 -0.0401306 -0.42569 -0.187717 dFitness: 375

population : 90 -0.493622 -0.0474854 -0.0487061 -0.631561 0.179871 -0.174377 dFitness: 1422

population : 91 -0.493622 -0.0474854 -0.0487061 -0.631561 0.179871 -0.174377 dFitness: 1423

population : 92 -0.493622 -0.0474854 -0.0487061 -0.631561 0.0288818 -0.174377 dFitness: 4438

population : 93 -0.493622 -0.0474854 -0.0487061 -0.631561 0.179871 -0.174377 dFitness: 669

population : 94 -0.484586 -0.0474854 -0.0487061 -0.676624 0.179871 -0.174377 dFitness: 5000

population : 95 -0.493622 -0.0474854 -0.0487061 -0.832245 0.179871 -0.174377 dFitness: 514

population : 96 -0.493622 -0.0474854 -0.0487061 -0.631561 0.179871 -0.174377 dFitness: 3008

population : 97 -0.493622 -0.0474854 -0.0487061 -0.631561 0.145383 -0.174377 dFitness: 861

population : 98 -0.493622 -0.0474854 -0.0487061 -0.871274 0.179871 -0.174377 dFitness: 717

population : 99 -0.493622 -0.0474854 -0.0487061 -0.631561 0.179871 -0.174377 dFitness: 3894

m_nCurrentGeneration: 3 best fitness: 5000 best index:98
average  fitness: 547.26
best weight: -0.258606 -0.0308838 -0.193329 -0.236237 -0.820648 -0.174377

population : 0 -0.00540161 0.527954 -0.193329 -0.236237 -0.820648 -0.174377 dFitness: 2440

population : 1 -0.493622 -0.0474854 -0.0487061 -0.631561 0.179871 -0.174377 dFitness: 997

population : 2 -0.493622 -0.0474854 -0.0487061 -0.650192 -0.42558 -0.229675 dFitness: 5000

population : 3 -0.493622 -0.0474854 -0.0487061 -0.631561 0.0288818 -0.174377 dFitness: 5000

population : 4 -0.493622 -0.0474854 -0.0487061 -0.631561 0.179871 -0.174377 dFitness: 669

population : 5 -0.493622 -0.0474854 -0.0487061 -0.631561 0.345526 -0.174377 dFitness: 154

population : 6 -0.555484 -0.0474854 -0.0487061 -0.631561 -0.42558 -0.333194 dFitness: 5000

population : 7 -0.493622 0.108319 -0.0487061 -0.631561 -0.42558 -0.229675 dFitness: 5000

population : 8 -0.493622 -0.0474854 -0.0487061 -0.676624 0.179871 -0.174377 dFitness: 1657

population : 9 -0.484586 -0.0474854 -0.0487061 -0.631561 -0.35578 -0.229675 dFitness: 2641

population : 10 -0.493622 -0.0474854 -0.251001 -0.84324 0.179871 -0.174377 dFitness: 680

population : 11 -0.493622 -0.0474854 -0.185587 -0.631561 -0.42558 -0.229675 dFitness: 5000

population : 12 -0.493622 -0.0474854 -0.0487061 -0.631561 0.179871 -0.174377 dFitness: 1293

population : 13 -0.493622 -0.0474854 -0.0487061 -0.640836 0.110712 -0.174377 dFitness: 5000

population : 14 -0.493622 -0.0474854 -0.0487061 -0.680725 0.179871 -0.174377 dFitness: 897

population : 15 -0.493622 -0.0474854 -0.0487061 -0.734952 0.152661 -0.174377 dFitness: 5000

population : 16 -0.493622 -0.0474854 -0.251001 -0.666681 -0.890237 -0.174377 dFitness: 2406

population : 17 -0.438507 -0.25748 -0.014035 -0.631561 -0.45072 -0.229675 dFitness: 2479

population : 18 -0.493622 -0.13913 -0.0487061 -0.674875 -0.42558 -0.229675 dFitness: 5000

population : 19 -0.493622 -0.0474854 -0.0487061 -0.361032 -0.42558 -0.229675 dFitness: 5000

population : 20 -0.493622 -0.0474854 -0.0487061 -0.650192 -0.42558 -0.229675 dFitness: 5000

population : 21 -0.493622 -0.0474854 -0.0487061 -0.631561 0.0586273 -0.174377 dFitness: 902

population : 22 -0.493622 -0.0474854 -0.0487061 -0.631561 -0.42558 -0.191534 dFitness: 5000

population : 23 -0.493622 -0.0474854 -0.0487061 -0.631561 -0.261298 -0.229675 dFitness: 940

population : 24 -0.258606 -0.0308838 -0.193329 -0.335956 -0.820648 -0.174377 dFitness: 5000

population : 25 -0.493622 -0.0474854 -0.0487061 -0.71861 -0.42558 -0.420087 dFitness: 4732

population : 26 -0.392035 -0.0308838 -0.193329 -0.236237 -0.820648 -0.174377 dFitness: 5000

population : 27 -0.258606 -0.0308838 -0.193329 -0.236237 -0.820648 -0.174377 dFitness: 5000

population : 28 -0.258606 -0.0308838 -0.193329 -0.236237 -0.798703 -0.174377 dFitness: 5000

population : 29 -0.484586 -0.0474854 -0.0487061 -0.676624 0.179871 -0.174377 dFitness: 2362

population : 30 -0.493622 -0.0474854 -0.251001 -0.631561 -0.42558 -0.229675 dFitness: 5000

population : 31 -0.493622 -0.0474854 -0.0487061 -0.631561 0.0288818 -0.149786 dFitness: 1276

population : 32 -0.493622 -0.0474854 -0.0487061 -0.631561 -0.42558 -0.229675 dFitness: 5000

population : 33 -0.493622 -0.0474854 -0.0487061 -0.631561 0.243976 -0.174377 dFitness: 154

population : 34 -0.493622 -0.0474854 -0.116455 -0.236237 -0.820648 -0.423016 dFitness: 1607

population : 35 -0.148773 0.298798 0.000701904 -0.0401306 -0.42569 -0.174377 dFitness: 503

population : 36 -0.493622 -0.0474854 -0.0487061 -0.734952 0.179871 -0.174377 dFitness: 1311

population : 37 -0.493622 -0.0474854 -0.0487061 -0.631561 0.177911 -0.174377 dFitness: 1082

population : 38 -0.493622 -0.0474854 -0.0487061 -0.631561 -0.42558 -0.174377 dFitness: 5000

population : 39 -0.493622 -0.0474854 -0.0487061 -0.631561 0.145383 -0.229675 dFitness: 2324

population : 40 -0.493622 0.527954 -0.193329 -0.236237 -0.820648 -0.174377 dFitness: 2455

population : 41 -0.00540161 0.176013 -0.0487061 -0.631561 -0.261298 -0.0425781 dFitness: 27

population : 42 -0.477573 -0.0474854 -0.0487061 -0.734952 0.0250732 -0.174377 dFitness: 530

population : 43 -0.493622 -0.0474854 -0.0487061 -0.631561 0.179871 -0.174377 dFitness: 5000

population : 44 -0.493622 -0.0474854 -0.0487061 -0.631561 0.179871 -0.174377 dFitness: 542

population : 45 -0.493622 0.132086 -0.0487061 -0.631561 0.145383 -0.174377 dFitness: 959

population : 46 -0.387402 -0.0308838 -0.0244904 -0.631561 0.179871 -0.00622253 dFitness: 86

population : 47 -0.493622 -0.0474854 -0.193329 -0.236237 -0.820648 -0.174377 dFitness: 5000

population : 48 -0.484586 -0.0474854 -0.2923 -0.676624 0.179871 -0.269061 dFitness: 296

population : 49 -0.696942 0.0204834 -0.0487061 -0.631561 -0.42558 -0.174377 dFitness: 5000

population : 50 -0.258606 -0.0308838 -0.193329 -0.236237 -0.820648 -0.411993 dFitness: 3677

population : 51 -0.493622 -0.0474854 -0.0487061 -0.631561 0.179871 -0.174377 dFitness: 461

population : 52 -0.907748 0.527954 -0.193329 -0.236237 -0.820648 -0.174377 dFitness: 613

population : 53 -0.00540161 0.197754 -0.300873 -0.764066 -0.820648 -0.174377 dFitness: 54

population : 54 -0.366354 -0.0474854 -0.0487061 -0.631561 -0.787476 -0.65033 dFitness: 467

population : 55 -0.493622 0.108356 -0.0757324 -0.631561 -0.42558 -0.420087 dFitness: 5000

population : 56 -0.493622 -0.0474854 -0.0487061 -0.631561 0.179871 -0.174377 dFitness: 542

population : 57 -0.493622 -0.0474854 0.0986847 -0.631561 0.179871 -0.174377 dFitness: 126

population : 58 -0.493622 -0.0474854 -0.0487061 -0.631561 0.10629 -0.174377 dFitness: 3733

population : 59 -0.493622 -0.324158 -0.0487061 -0.631561 0.0586273 -0.174377 dFitness: 285

population : 60 -0.493622 0.0772186 0.00201416 -0.631561 0.179871 -0.174377 dFitness: 1724

population : 61 -0.484586 -0.0474854 -0.0487061 -0.676624 0.179871 -0.174377 dFitness: 1280

population : 62 -0.258606 -0.0308838 -0.193329 -0.236237 -0.820648 -0.174377 dFitness: 5000

population : 63 -0.493622 -0.0474854 -0.0487061 -0.631561 0.145383 -0.158438 dFitness: 2587

population : 64 -0.493622 -0.0474854 -0.0487061 -0.320502 -0.820648 -0.174377 dFitness: 5000

population : 65 -0.258606 -0.0308838 -0.193329 -0.631561 0.0288818 -0.174377 dFitness: 5000

population : 66 -0.493622 -0.0474854 -0.0487061 -0.631561 -0.42558 -0.420087 dFitness: 3762

population : 67 -0.493622 -0.0474854 -0.0487061 -0.631561 0.179871 -0.174377 dFitness: 542

population : 68 -0.493622 -0.0474854 -0.0487061 -0.650192 -0.42558 -0.229675 dFitness: 5000

population : 69 -0.438507 -0.25748 -0.0487061 -0.666681 -0.890237 -0.174377 dFitness: 811

population : 70 -0.493622 -0.0474854 -0.0487061 -0.734952 0.179871 -0.174377 dFitness: 1042

population : 71 -0.493622 -0.0474854 -0.0487061 -0.631561 0.0288818 -0.174377 dFitness: 4231

population : 72 -0.493622 -0.0474854 -0.0487061 -0.631561 -0.42558 -0.174377 dFitness: 5000

population : 73 -0.484586 -0.0474854 -0.0487061 -0.676624 0.179871 -0.420087 dFitness: 69

population : 74 -0.493622 -0.100174 0.156216 -0.631561 0.179871 -0.174377 dFitness: 36

population : 75 -0.493622 -0.0474854 -0.0487061 -0.631561 -0.42558 -0.229675 dFitness: 5000

population : 76 -0.493622 0.108319 -0.0487061 -0.631561 -0.42558 -0.229675 dFitness: 5000

population : 77 -0.493622 -0.0474854 -0.0487061 -0.631561 -0.662946 -0.65033 dFitness: 137

population : 78 -0.493622 -0.0474854 -0.0487061 -0.631561 0.179871 -0.174377 dFitness: 997

population : 79 -0.258606 -0.0659393 -0.193329 -0.236237 -0.820648 -0.174377 dFitness: 5000

population : 80 -0.493622 0.0190277 -0.0487061 -0.236237 -0.820648 -0.174377 dFitness: 5000

population : 81 -0.51001 -0.0308838 -0.193329 -0.631561 0.145383 -0.174377 dFitness: 3683

population : 82 -0.687656 0.197754 -0.300873 -0.778366 -0.820648 -0.174377 dFitness: 5000

population : 83 -0.687656 0.197754 -0.300873 -0.764066 -0.820648 -0.174377 dFitness: 5000

population : 84 -0.258606 -0.0308838 -0.193329 -0.236237 -0.820648 -0.174377 dFitness: 5000

population : 85 -0.706702 -0.0474854 -0.0487061 -0.631561 -0.42558 -0.229675 dFitness: 5000

population : 86 -0.230783 -0.0308838 -0.0487061 -0.631561 0.0586273 -0.174377 dFitness: 2229

population : 87 -0.493622 -0.0608246 -0.193329 -0.236237 -0.820648 -0.174377 dFitness: 4483

population : 88 -0.493622 -0.0474854 -0.0487061 -0.631561 -0.42558 -0.229675 dFitness: 3729

population : 89 -0.493622 -0.0474854 -0.0487061 -0.631561 -0.183139 -0.229675 dFitness: 3450

population : 90 -0.493622 -0.0474854 -0.0487061 -0.631561 -0.820648 -0.174377 dFitness: 5000

population : 91 -0.258606 -0.0308838 -0.193329 -0.236237 -0.327426 -0.229675 dFitness: 2323

population : 92 -0.493622 -0.0474854 -0.251001 -0.631561 -0.42558 -0.229675 dFitness: 5000

population : 93 -0.258606 -0.0197601 -0.193329 -0.16619 -0.820648 -0.174377 dFitness: 5000

population : 94 -0.493622 0.000442505 -0.0487061 -0.656885 -0.42558 -0.229675 dFitness: 5000

population : 95 -0.258606 -0.0308838 -0.193329 -0.236237 -0.820648 -0.174377 dFitness: 4445

population : 96 -0.493622 -0.0474854 0.0328766 -0.631561 -0.42558 -0.174377 dFitness: 5000

population : 97 -0.209012 -0.0308838 -0.193329 -0.236237 -0.820648 -0.191534 dFitness: 5000

population : 98 -0.493622 -0.0474854 -0.0487061 -0.631561 0.0137115 -0.174377 dFitness: 5000

population : 99 -0.493622 -0.0474854 -0.0487061 -0.631561 0.0586273 -0.052475 dFitness: 2547

m_nCurrentGeneration: 4 best fitness: 5000 best index:82
average  fitness: 1910.06
best weight: -0.493622 -0.0474854 -0.0487061 -0.650192 -0.42558 -0.229675

population : 0 -0.484586 -0.0474854 -0.2923 -0.676624 0.179871 -0.269061 dFitness: 299

population : 1 -0.493622 -0.0444458 -0.0487061 -0.631561 0.0137115 -0.174377 dFitness: 5000

population : 2 -0.696942 0.0204834 -0.0487061 -0.631561 0.0586273 -0.052475 dFitness: 5000

population : 3 -0.493622 -0.0474854 -0.0487061 -0.631561 -0.42558 -0.174377 dFitness: 5000

population : 4 -0.51001 -0.0308838 -0.0487061 -0.631561 -0.183139 -0.229675 dFitness: 5000

population : 5 -0.493622 -0.0474854 -0.193329 -0.631561 0.145383 -0.204434 dFitness: 902

population : 6 -0.706702 -0.0474854 -0.0487061 -0.631561 -0.42558 -0.229675 dFitness: 5000

population : 7 -0.258606 -0.0308838 -0.193329 -0.236237 -0.820648 -0.174377 dFitness: 5000

population : 8 -0.421194 -0.0474854 -0.0487061 -0.631561 0.162622 -0.174377 dFitness: 74

population : 9 -0.392035 -0.0308838 -0.251923 -0.236237 -0.820648 -0.0096283 dFitness: 79

population : 10 -0.493622 -0.0474854 -0.238513 -0.650192 -0.42558 -0.229675 dFitness: 5000

population : 11 -0.258606 -0.0308838 -0.193329 -0.236237 -0.820648 -0.174377 dFitness: 5000

population : 12 -0.493622 -0.00777893 -0.0464722 -0.631561 -0.42558 -0.420087 dFitness: 5000

population : 13 -0.493622 0.108356 -0.0757324 -0.631561 0.10629 -0.174377 dFitness: 4258

population : 14 -0.258606 -0.0197601 -0.0487061 -0.734952 0.3314 -0.174377 dFitness: 39

population : 15 -0.493622 -0.0474854 -0.193329 -0.16619 -0.820648 -0.174377 dFitness: 5000

population : 16 -0.51001 -0.0308838 -0.0487061 -0.650192 -0.42558 -0.219577 dFitness: 5000

population : 17 -0.385059 -0.0474854 -0.193329 -0.631561 0.145383 -0.174377 dFitness: 903

population : 18 -0.493622 0.108319 -0.0487061 -0.631561 -0.359323 -0.229675 dFitness: 4421

population : 19 -0.258606 -0.0308838 -0.193329 -0.236237 -0.820648 -0.411993 dFitness: 2393

population : 20 -0.493622 -0.0474854 -0.0487061 -0.631561 -0.42558 -0.174377 dFitness: 4306

population : 21 -0.493622 -0.0474854 -0.0487061 -0.631561 0.0288818 -0.174377 dFitness: 5000

population : 22 -0.51001 -0.0308838 -0.193329 -0.631561 0.0288818 -0.174377 dFitness: 4166

population : 23 -0.302139 0.0682953 -0.193329 -0.631561 0.145383 -0.174377 dFitness: 3676

population : 24 -0.14682 -0.0308838 -0.118204 -0.631561 -0.42558 -0.174377 dFitness: 2594

population : 25 -0.493622 -0.0474854 -0.193329 -0.236237 -0.820648 -0.411993 dFitness: 3113

population : 26 -0.493622 -0.0474854 -0.0487061 -0.631561 0.0288818 -0.174377 dFitness: 5000

population : 27 -0.493622 -0.0474854 -0.0487061 -0.631561 0.0137115 -0.174377 dFitness: 5000

population : 28 -0.493622 -0.0843536 -0.0487061 -0.631561 0.179871 -0.174377 dFitness: 86

population : 29 -0.258606 0.110089 -0.193329 -0.16619 -0.820648 -0.174377 dFitness: 5000

population : 30 -0.493622 0.108319 -0.0487061 -0.739227 -0.353015 -0.180942 dFitness: 2646

population : 31 -0.555484 -0.0474854 -0.0487061 -0.631561 -0.42558 -0.229675 dFitness: 5000

population : 32 -0.209012 -0.0308838 -0.193329 -0.30925 -0.820648 -0.174377 dFitness: 5000

population : 33 -0.258606 -0.0308838 -0.193329 -0.236237 -0.820648 -0.191534 dFitness: 5000

population : 34 -0.708194 -0.13913 -0.0487061 -0.674875 -0.820648 -0.174377 dFitness: 5000

population : 35 -0.151352 -0.0197601 -0.193329 0.103305 -0.42558 -0.229675 dFitness: 134

population : 36 -0.493622 0.000442505 -0.0487061 -0.656885 -0.42558 -0.229675 dFitness: 5000

population : 37 -0.438507 -0.25748 -0.014035 -0.631561 -0.45072 -0.229675 dFitness: 920

population : 38 -0.536816 -0.247079 -0.0487061 -0.236237 -0.820648 -0.423016 dFitness: 1006

population : 39 -0.493622 -0.0357666 -0.116455 -0.640836 0.110712 -0.174377 dFitness: 821

population : 40 -0.493622 -0.0308838 -0.193329 -0.335956 -0.828046 -0.174377 dFitness: 5000

population : 41 -0.258606 0.108356 -0.0757324 -0.637558 -0.42558 -0.420087 dFitness: 78

population : 42 -0.493622 -0.0474854 -0.0487061 -0.631561 -0.820648 -0.174377 dFitness: 5000

population : 43 -0.258606 -0.0308838 -0.0828522 -0.236237 -0.820648 -0.174377 dFitness: 5000

population : 44 -0.493622 0.0190277 -0.0487061 -0.236237 -0.820648 -0.174377 dFitness: 5000

population : 45 -0.392035 -0.0308838 -0.193329 -0.236237 -0.820648 -0.187936 dFitness: 5000

population : 46 -0.493622 -0.0474854 -0.251001 -0.666681 -0.890237 -0.174377 dFitness: 5000

population : 47 -0.493622 0.08349 -0.0487061 -0.631561 -0.42558 -0.229675 dFitness: 5000

population : 48 -0.493622 -0.0474854 -0.0466278 -0.631561 0.171667 -0.052475 dFitness: 758

population : 49 -0.493622 -0.0474854 0.0328766 -0.631561 -0.42558 -0.174377 dFitness: 5000

population : 50 -0.493622 -0.0474854 -0.0487061 -0.631561 -0.42558 -0.229675 dFitness: 5000

population : 51 -0.493622 -0.0474854 -0.0487061 -0.631561 0.0586273 -0.0205688 dFitness: 2031

population : 52 -0.493622 -0.0474854 -0.0487061 -0.631561 0.0288818 -0.0723877 dFitness: 4583

population : 53 -0.493622 -0.13913 -0.0487061 -0.583981 -0.503088 -0.229675 dFitness: 5000

population : 54 -0.493622 -0.0474854 -0.0487061 -0.361032 -0.42558 -0.229675 dFitness: 4662

population : 55 -0.493622 0.108356 -0.0757324 -0.823062 -0.42558 -0.420087 dFitness: 4746

population : 56 -0.493622 -0.0474854 -0.0487061 -0.734952 0.152661 -0.174377 dFitness: 5000

population : 57 -0.493622 0.527954 -0.193329 -0.236237 -0.820648 -0.174377 dFitness: 4543

population : 58 -0.493622 -0.0474854 0.0328766 -0.715762 -0.42558 -0.174377 dFitness: 3147

population : 59 -0.493622 0.108319 -0.0487061 -0.631561 -0.42558 -0.229675 dFitness: 2557

population : 60 -0.555484 -0.0308838 -0.193329 -0.236237 -0.820648 -0.174377 dFitness: 5000

population : 61 -0.258606 -0.0474854 -0.0487061 -0.631561 -0.42558 -0.333194 dFitness: 529

population : 62 -0.258606 -0.0308838 -0.193329 -0.236237 -0.798703 -0.174377 dFitness: 5000

population : 63 -0.392035 -0.0308838 -0.193329 -0.236237 -0.820648 -0.174377 dFitness: 5000

population : 64 -0.258606 -0.0308838 -0.193329 -0.236237 -0.798703 -0.411993 dFitness: 5000

population : 65 -0.258606 -0.0308838 -0.193329 -0.236237 -1.02043 -0.120462 dFitness: 5000

population : 66 -0.484586 -0.0474854 -0.0487061 -0.631561 -0.35578 -0.229675 dFitness: 5000

population : 67 -0.119135 -0.0308838 -0.193329 -0.293256 -0.327426 -0.114008 dFitness: 5000

population : 68 -0.493622 -0.0474854 -0.0487061 -0.631561 0.0137115 -0.174377 dFitness: 4417

population : 69 -0.493622 -0.0474854 -0.0487061 -0.452969 -0.42558 -0.229675 dFitness: 5000

population : 70 -0.438507 -0.13913 -0.0487061 -0.667651 -0.42558 -0.229675 dFitness: 5000

population : 71 -0.493622 -0.25748 -0.0487061 -0.666681 -0.890237 -0.174377 dFitness: 518

population : 72 -0.493622 -0.0474854 -0.0487061 -0.71861 -0.42558 -0.420087 dFitness: 5000

population : 73 -0.493622 -0.0474854 -0.251001 -0.631561 -0.42558 -0.229675 dFitness: 5000

population : 74 -0.555484 -0.0474854 -0.0487061 -0.631561 -0.42558 -0.174377 dFitness: 4418

population : 75 -0.493622 -0.0474854 -0.0487061 -0.631561 0.179871 -0.333194 dFitness: 316

