elapsed_time: 8.351

elapsed_time: 13.386

elapsed_time: 11.016

elapsed_time: 8.925

elapsed_time: 42.9

elapsed_time: 9.425

elapsed_time: 12.985

elapsed_time: 17.46

elapsed_time: 13.112

elapsed_time: 10.194

elapsed_time: 1.808

elapsed_time: 0.818

elapsed_time: 0.624

elapsed_time: 0.695

elapsed_time: 0.326

elapsed_time: 0.329

elapsed_time: 0.331

elapsed_time: 3.011

elapsed_time: 0.63

elapsed_time: 1.058



elapsed_time: 0.697

elapsed_time: 1.413

elapsed_time: 1.11

elapsed_time: 1.576

elapsed_time: 0.449

elapsed_time: 0.458

elapsed_time: 1.102

elapsed_time: 1.569

elapsed_time: 1.759

elapsed_time: 0.459

elapsed_time: 1.129

elapsed_time: 1.394

elapsed_time: 0.755

elapsed_time: 0.687

elapsed_time: 0.682

elapsed_time: 0.737

elapsed_time: 0.7

elapsed_time: 1.336

elapsed_time: 0.642

elapsed_time: 0.66

elapsed_time: 1.042

elapsed_time: 0.619

elapsed_time: 0.527

elapsed_time: 1.382

elapsed_time: 0.78

elapsed_time: 0.415

elapsed_time: 0.409

elapsed_time: 0.588

elapsed_time: 0.943

elapsed_time: 0.434

random number20259 2
3223 30514 1534 2613 22125 26392 5456 26990 4727 8741 
random number20673 3
3223 30514 1534 2613 22125 26392 5456 26990 4727 8741 
random number20859 7
3223 30514 1534 2613 22125 26392 5456 26990 4727 8741 
random number21026 6
3223 30514 1534 2613 22125 26392 5456 26990 4727 8741 
random number21310 3
3223 30514 1534 2613 22125 26392 5456 26990 4727 8741 
random number21441 1
13971 15610 25597 12928 26052 29505 2529 10733 31347 8593 
random number21748 7
13971 15610 25597 12928 26052 29505 2529 10733 31347 8593 
random number22006 6
13971 15610 25597 12928 26052 29505 2529 10733 31347 8593 
random number22352 2
13971 15610 25597 12928 26052 29505 2529 10733 31347 8593 
random number22427 7
13971 15610 25597 12928 26052 29505 2529 10733 31347 8593 
random number22656 5
13971 15610 25597 12928 26052 29505 2529 10733 31347 8593 
random number22802 4
13971 15610 25597 12928 26052 29505 2529 10733 31347 8593 
random number23181 5
13971 15610 25597 12928 26052 29505 2529 10733 31347 8593 
random number23315 6
13971 15610 25597 12928 26052 29505 2529 10733 31347 8593 
random number23616 6
13971 15610 25597 12928 26052 29505 2529 10733 31347 8593 
random number23991 3
13971 15610 25597 12928 26052 29505 2529 10733 31347 8593 
random number24279 4
13971 15610 25597 12928 26052 29505 2529 10733 31347 8593 
random number24638 6
13971 15610 25597 12928 26052 29505 2529 10733 31347 8593 
random number24932 6
24720 706 16892 23243 29979 32617 32369 27245 25199 8445 
random number25209 3
24720 706 16892 23243 29979 32617 32369 27245 25199 8445 
random number25617 5
24720 706 16892 23243 29979 32617 32369 27245 25199 8445 
random number25915 2
24720 706 16892 23243 29979 32617 32369 27245 25199 8445 
random number26306 1
24720 706 16892 23243 29979 32617 32369 27245 25199 8445 
random number26604 5
24720 706 16892 23243 29979 32617 32369 27245 25199 8445 
random number26875 3
24720 706 16892 23243 29979 32617 32369 27245 25199 8445 
random number26953 4
24720 706 16892 23243 29979 32617 32369 27245 25199 8445 
random number27430 5
24720 706 16892 23243 29979 32617 32369 27245 25199 8445 
random number27812 2
24720 706 16892 23243 29979 32617 32369 27245 25199 8445 
random number28135 3
2700 18570 8187 789 1137 2962 29442 10988 19051 8297 
random number28305 5
2700 18570 8187 789 1137 2962 29442 10988 19051 8297 
random number28462 1
2700 18570 8187 789 1137 2962 29442 10988 19051 8297 
random number28831 6
2700 18570 8187 789 1137 2962 29442 10988 19051 8297 
random number29174 6
2700 18570 8187 789 1137 2962 29442 10988 19051 8297 
random number29670 5
2700 18570 8187 789 1137 2962 29442 10988 19051 8297 
random number29722 1
2700 18570 8187 789 1137 2962 29442 10988 19051 8297 
random number30186 3
2700 18570 8187 789 1137 2962 29442 10988 19051 8297 
random number30529 3
2700 18570 8187 789 1137 2962 29442 10988 19051 8297 
random number30957 4
2700 18570 8187 789 1137 2962 29442 10988 19051 8297 
random number31463 6
13449 3667 32251 11104 5064 6074 26515 27500 12902 8150 
random number31842 7
13449 3667 32251 11104 5064 6074 26515 27500 12902 8150 
random number32279 3
13449 3667 32251 11104 5064 6074 26515 27500 12902 8150 
random number32429 6
13449 3667 32251 11104 5064 6074 26515 27500 12902 8150 
random number79 3
13449 3667 32251 11104 5064 6074 26515 27500 12902 8150 
random number350 1
13449 3667 32251 11104 5064 6074 26515 27500 12902 8150 
random number830 5
13449 3667 32251 11104 5064 6074 26515 27500 12902 8150 
random number889 1
13449 3667 32251 11104 5064 6074 26515 27500 12902 8150 
random number1209 6
13449 3667 32251 11104 5064 6074 26515 27500 12902 8150 
random number1627 4
13449 3667 32251 11104 5064 6074 26515 27500 12902 8150 
random number1885 3
24197 21531 23546 21418 8991 9186 23588 11243 6754 8002 
random number2238 6
24197 21531 23546 21418 8991 9186 23588 11243 6754 8002 
random number2594 5
24197 21531 23546 21418 8991 9186 23588 11243 6754 8002 
random number2865 3
24197 21531 23546 21418 8991 9186 23588 11243 6754 8002 
random number3254 7
24197 21531 23546 21418 8991 9186 23588 11243 6754 8002 
random number3596 6
24197 21531 23546 21418 8991 9186 23588 11243 6754 8002 
random number3916 4
24197 21531 23546 21418 8991 9186 23588 11243 6754 8002 
random number4227 7
24197 21531 23546 21418 8991 9186 23588 11243 6754 8002 
random number4527 6
24197 21531 23546 21418 8991 9186 23588 11243 6754 8002 
random number4668 7
24197 21531 23546 21418 8991 9186 23588 11243 6754 8002 
random number4828 6
24197 21531 23546 21418 8991 9186 23588 11243 6754 8002 
random number5161 3
2177 6627 14841 31733 12917 12299 20660 27755 606 7854 
random number5229 1
2177 6627 14841 31733 12917 12299 20660 27755 606 7854 
random number5807 5
2177 6627 14841 31733 12917 12299 20660 27755 606 7854 
random number6065 4
2177 6627 14841 31733 12917 12299 20660 27755 606 7854 
random number6490 2
2177 6627 14841 31733 12917 12299 20660 27755 606 7854 
random number6771 3
2177 6627 14841 31733 12917 12299 20660 27755 606 7854 
random number7127 2
2177 6627 14841 31733 12917 12299 20660 27755 606 7854 
random number7329 1
2177 6627 14841 31733 12917 12299 20660 27755 606 7854 
random number7669 5
2177 6627 14841 31733 12917 12299 20660 27755 606 7854 
random number7897 2
2177 6627 14841 31733 12917 12299 20660 27755 606 7854 
random number8276 3
12926 24491 6137 9279 16844 15411 17733 11499 27226 7706 
random number8638 1
12926 24491 6137 9279 16844 15411 17733 11499 27226 7706 
random number9132 5
12926 24491 6137 9279 16844 15411 17733 11499 27226 7706 
random number9419 5
12926 24491 6137 9279 16844 15411 17733 11499 27226 7706 
random number9631 7
12926 24491 6137 9279 16844 15411 17733 11499 27226 7706 
random number10062 4
12926 24491 6137 9279 16844 15411 17733 11499 27226 7706 
random number10405 4
12926 24491 6137 9279 16844 15411 17733 11499 27226 7706 
random number10644 5
12926 24491 6137 9279 16844 15411 17733 11499 27226 7706 
random number10964 3
12926 24491 6137 9279 16844 15411 17733 11499 27226 7706 
random number11101 7
12926 24491 6137 9279 16844 15411 17733 11499 27226 7706 
random number11522 1
23674 9587 30200 19594 20771 18524 14806 28010 21078 7558 
random number11770 4
23674 9587 30200 19594 20771 18524 14806 28010 21078 7558 
random number11989 6
23674 9587 30200 19594 20771 18524 14806 28010 21078 7558 
random number12482 2
23674 9587 30200 19594 20771 18524 14806 28010 21078 7558 
random number12534 5
23674 9587 30200 19594 20771 18524 14806 28010 21078 7558 
random number12861 3
23674 9587 30200 19594 20771 18524 14806 28010 21078 7558 
random number13184 4
23674 9587 30200 19594 20771 18524 14806 28010 21078 7558 
random number13367 5
23674 9587 30200 19594 20771 18524 14806 28010 21078 7558 
random number13850 5
23674 9587 30200 19594 20771 18524 14806 28010 21078 7558 
random number14304 4
23674 9587 30200 19594 20771 18524 14806 28010 21078 7558 
random number14539 1
23674 9587 30200 19594 20771 18524 14806 28010 21078 7558 
random number14944 7
1655 27451 21495 29909 24698 21636 11878 11754 14930 7410 
random number15101 3
1655 27451 21495 29909 24698 21636 11878 11754 14930 7410 
random number15359 2
1655 27451 21495 29909 24698 21636 11878 11754 14930 7410 
random number15715 1
1655 27451 21495 29909 24698 21636 11878 11754 14930 7410 
random number15970 4
1655 27451 21495 29909 24698 21636 11878 11754 14930 7410 
random number16251 5
1655 27451 21495 29909 24698 21636 11878 11754 14930 7410 
random number16489 5
1655 27451 21495 29909 24698 21636 11878 11754 14930 7410 
random number16802 3
1655 27451 21495 29909 24698 21636 11878 11754 14930 7410 
random number17149 7
1655 27451 21495 29909 24698 21636 11878 11754 14930 7410 
random number17410 2
1655 27451 21495 29909 24698 21636 11878 11754 14930 7410 
random number17772 7
1655 27451 21495 29909 24698 21636 11878 11754 14930 7410 
random number18138 2
12403 12548 12791 7455 28624 24749 8951 28265 8782 7262 
random number18370 3
12403 12548 12791 7455 28624 24749 8951 28265 8782 7262 
random number18533 5
12403 12548 12791 7455 28624 24749 8951 28265 8782 7262 
random number18781 1
12403 12548 12791 7455 28624 24749 8951 28265 8782 7262 
random number19157 6
12403 12548 12791 7455 28624 24749 8951 28265 8782 7262 
random number19209 2
12403 12548 12791 7455 28624 24749 8951 28265 8782 7262 
random number19575 4
12403 12548 12791 7455 28624 24749 8951 28265 8782 7262 
random number19921 7
12403 12548 12791 7455 28624 24749 8951 28265 8782 7262 
random number20385 2
12403 12548 12791 7455 28624 24749 8951 28265 8782 7262 
random number20620 6
12403 12548 12791 7455 28624 24749 8951 28265 8782 7262 
random number20822 5
12403 12548 12791 7455 28624 24749 8951 28265 8782 7262 
random number21178 4
12403 12548 12791 7455 28624 24749 8951 28265 8782 7262 
random number21557 5
23151 30412 4086 17770 32551 27861 6024 12009 2634 7114 
random number21884 3
23151 30412 4086 17770 32551 27861 6024 12009 2634 7114 
random number22285 5
23151 30412 4086 17770 32551 27861 6024 12009 2634 7114 
random number22667 2
23151 30412 4086 17770 32551 27861 6024 12009 2634 7114 
random number23092 7
23151 30412 4086 17770 32551 27861 6024 12009 2634 7114 
random number23510 5
23151 30412 4086 17770 32551 27861 6024 12009 2634 7114 
random number23673 7
23151 30412 4086 17770 32551 27861 6024 12009 2634 7114 
